

 NAS Parallel Benchmarks (NPB3.3-OMP) - CG Benchmark

 Size:     1500000
 Iterations:                    100
 Number of available threads:    16

 Initialization time =          35.884 seconds

   iteration           ||r||                 zeta
        1       0.13939761612189E-11   499.9996989885352
        2       0.90147129800024E-15    49.1792921222637
        3       0.91642018511092E-15    49.7621417780892
        4       0.93924546214467E-15    50.2476108448559
        5       0.96394843287511E-15    50.6504113318692
        6       0.98827512794259E-15    50.9835679329931
        7       0.10090996348324E-14    51.2584179093532
        8       0.10293160802219E-14    51.4846993919582
        9       0.10446604227761E-14    51.6706894462900
       10       0.10578644159185E-14    51.8233647190060
       11       0.10706581144246E-14    51.9485666805625
       12       0.10782381720249E-14    52.0511603649679
       13       0.10883071515805E-14    52.1351803974362
       14       0.10945527998140E-14    52.2039614064548
       15       0.10985916941642E-14    52.2602520412786
       16       0.11023960474703E-14    52.3063130997491
       17       0.11077022078150E-14    52.3440009815621
       18       0.11122130427373E-14    52.3748380152845
       19       0.11132649109745E-14    52.4000713044048
       20       0.11177655682694E-14    52.4207216938457
       21       0.11174491388894E-14    52.4376243380823
       22       0.11198519575416E-14    52.4514621958363
       23       0.11209944507303E-14    52.4627936097199
       24       0.11230151134366E-14    52.4720749669590
       25       0.11244005224715E-14    52.4796792873345
       26       0.11233050547466E-14    52.4859114504263
       27       0.11230088812014E-14    52.4910206572278
       28       0.11273943662787E-14    52.4952106205678
       29       0.11263483027265E-14    52.4986478935711
       30       0.11253532367467E-14    52.5014686735242
       31       0.11275771845910E-14    52.5037843587051
       32       0.11276702558236E-14    52.5056860859139
       33       0.11294069660322E-14    52.5072484353761
       34       0.11279274243031E-14    52.5085324557538
       35       0.11283913591382E-14    52.5095881341472
       36       0.11294047735057E-14    52.5104564131321
       37       0.11281583744653E-14    52.5111708380567
       38       0.11314467518618E-14    52.5117589027051
       39       0.11296883223510E-14    52.5122431487007
       40       0.11307876243160E-14    52.5126420639633
       41       0.11316222478369E-14    52.5129708171063
       42       0.11287597749795E-14    52.5132418579082
       43       0.11297770197099E-14    52.5134654084171
       44       0.11315954594473E-14    52.5136498646918
       45       0.11314988518010E-14    52.5138021256279
       46       0.11308576634173E-14    52.5139278620647
       47       0.11333895296933E-14    52.5140317372136
       48       0.11300299132581E-14    52.5141175871765
       49       0.11310062641990E-14    52.5141885688985
       50       0.11319482110601E-14    52.5142472814325
       51       0.11314987262626E-14    52.5142958653806
       52       0.11313411900937E-14    52.5143360844590
       53       0.11291180649694E-14    52.5143693924529
       54       0.11319136334739E-14    52.5143969881436
       55       0.11327963045032E-14    52.5144198604484
       56       0.11321704483102E-14    52.5144388254938
       57       0.11320401588212E-14    52.5144545570701
       58       0.11317411013220E-14    52.5144676116900
       59       0.11307586475511E-14    52.5144784491828
       60       0.11302457128915E-14    52.5144874496510
       61       0.11307615336329E-14    52.5144949274220
       62       0.11292112247172E-14    52.5145011425255
       63       0.11313290659605E-14    52.5145063101706
       64       0.11306437056424E-14    52.5145106085462
       65       0.11302815879612E-14    52.5145141852307
       66       0.11303609451782E-14    52.5145171625219
       67       0.11316460586317E-14    52.5145196417973
       68       0.11301786806907E-14    52.5145217071273
       69       0.11311713052275E-14    52.5145234282542
       70       0.11315832766230E-14    52.5145248630677
       71       0.11309549621317E-14    52.5145260596175
       72       0.11299863604861E-14    52.5145270578331
       73       0.11312467402768E-14    52.5145278908761
       74       0.11297958858798E-14    52.5145285863227
       75       0.11299880001137E-14    52.5145291670951
       76       0.11321555347139E-14    52.5145296522711
       77       0.11293459395279E-14    52.5145300577150
       78       0.11301929381029E-14    52.5145303966482
       79       0.11310768694593E-14    52.5145306800683
       80       0.11293780064339E-14    52.5145309171456
       81       0.11285094572892E-14    52.5145311155224
       82       0.11312700261562E-14    52.5145312815661
       83       0.11298030553595E-14    52.5145314205850
       84       0.11301941019592E-14    52.5145315370202
       85       0.11294627867148E-14    52.5145316345648
       86       0.11308714729357E-14    52.5145317163115
       87       0.11313018435572E-14    52.5145317848339
       88       0.11314205184044E-14    52.5145318422915
       89       0.11304252186388E-14    52.5145318904800
       90       0.11295449959701E-14    52.5145319309100
       91       0.11315884819776E-14    52.5145319648375
       92       0.11298215549140E-14    52.5145319933174
       93       0.11292698390057E-14    52.5145320172286
       94       0.11300360129889E-14    52.5145320373132
       95       0.11302008661274E-14    52.5145320541819
       96       0.11297632609087E-14    52.5145320683580
       97       0.11284173128207E-14    52.5145320802707
       98       0.11305293939453E-14    52.5145320902909
       99       0.11303982362096E-14    52.5145320987081
      100       0.11291917253147E-14    52.5145321057930
 Benchmark completed 
 VERIFICATION SUCCESSFUL 
 Zeta is     0.5251453210579E+02
 Error is    0.1853665088418E-13


 CG Benchmark Completed.
 Class           =                        D
 Size            =                  1500000
 Iterations      =                      100
 Time in seconds =                   951.89
 Total threads   =                       16
 Avail threads   =                       16
 Mop/s total     =                  3827.02
 Mop/s/thread    =                   239.19
 Operation type  =           floating point
 Verification    =               SUCCESSFUL
 Version         =                    3.3.1
 Compile date    =              15 Jun 2026

 Compile options:
    F77          = flang-22
    FLINK        = $(F77)
    F_LIB        = (none)
    F_INC        = (none)
    FFLAGS       = -O3 -fopenmp
    FLINKFLAGS   = -O3 -fopenmp
    RAND         = randi8


 Please send all errors/feedbacks to:

 NPB Development Team
 npb@nas.nasa.gov


